-ss-

111111 1111 1111 111-1111111, 11111111111111111.
1111111111 11111 111 11111111 11111 1111111 1111 1111111111
1111 11111111, 11 1111111 111 111 1111111, 111 11111
11 11111111, 1111, 1111 111 1111 1 G 1 111 111
111111 1, G 11 1 111111· 1111 11111 111 111111 11

1111111111, 11111111 D D 1 111111111111111111111 - =

1111111111 111 111111 111111 111 11111111, 111 1111111111
1111 ¹), 1111111111 D D F 1111 11111111 1111 1111
(11111111 1111111, 11 11111 1111 111 D E 1111 111111 1,
mmmmwmmwwwwmn

11111111111111111 11111 1111111111 111 111 1111111. 11111
1111 11 111111 111111 111 1111 111 111111111111111111111111

1111 Ι), Ε, F 1111111 1111111 11111111111111, 11 1111
111 111 11111111 1111 11111111111 1111111111 1111 11111. „

1111111111111111111111111 111 1111111 1111111 111111
1111, 1111 111111 11111111111111 111111111111111 11

111111 1111, 1111111111111111 1111 111111111 111· ,

11111111, 11 111111111 111111111111111111111111111
1111111111 11111111 1111111 111111 11111111111111111111
1111 11 111111 1111111 111111, 1111111111111111111111111.
1111 11111111 111 1111111111111111111111111111 111111
1111 11 11111 1111 1111101111 111. 1111111111 1111
1111111, 1111111111 1111111 1111111111 1111111 1111, 1. 1.

. 11111111111111111111. 1111111111 1111 11 11111111111111111,

11 111 1111 111111111111111 111 111111111111111 1111111111
‚ 5111111111 1111 111 11111111111111111111 11 1 111111111111111.

’11111 111111 11111111 111111 111· 1111 11111111111111111111 1111
11111 11111111111110 D Ε 111111111111111. Cap. IX), 111111 111

- 111 11111111111111111111 11111111111111111 111111 11111111 111111·

11111 1111 111111 111111. 1111111111 111111111111111 111111111111111
111 111111 1211111 111 11111111, 1111111 1111 111111, 111 111111 11 ortuo

11111111 11111 11 11111.

 

