1
1

'-53—

111111 1111111111 1111 &ingen 11 1111111111 111,,111111111111
111 11111 111111111111 111111) 11111111111111111111111111111
1111111111, 1111 11111 1111111 11111111. , 1111111 1111 111
11111111111111111111 11111, 111111 111 111 11111111111111
11111111111111 11111 11111111 11 11111111111111 1111111111
[11111 111 11 1111 111111111111111 11111 111111111111111111

1111111111111111 1111111111, 1111 11 111111111111111111, ’
111 11111111 11111 1111111, 1111 11111 1111) 1111111111111111

11111111 1111111111 11111111 111 1111111111111111 11111 1111· ’
11111111111111111111111 1111, 111 111111, 11111111 61111111 1111 1111 1111111

111111 111 1111 ge 1111 1111111, 11 11111111,

²) 1111 11111111 „vel quasdam 1111111111111α 111 ᾖ111111111111111 .
111111 1111 11111 111111111111111111111 1111111, meoet 1101119921,
1111111111 11 1111111 111 out, 111 o eoo. 11111, 111 niet
11 Cod. 11965 a. 111 1., 1111111 11111111111(1111111111111111. 1111111
1111111111 11111 111111 1111111111 1111111111 1111111111111 11111111 S. Emme·

,1111 11111 eod. 111. 14523 111 111. 1111) 1116111111111111111111111111111

11111111 Codex 13021 111 1111 12-13 111111, 11 111111 111111 111 111111
11111 6111111 11 1111111111 111111111111 Codex 111111111493 (of. &1310de
11111111111111111111. Ξ, 36; 1111111111111 1. 1111111111111). 1872 11. 1411.)

11111111 1111· 11111111 11 111 1111 111111111111111111 111 1118111111 -
1111111111111111111111 1111111111 1111 11111, 111 oud) 111 111 (111111111111 . ’

1111111 ἱ1111111111 1111111111111111, 11 11111111 111111111 11111111 1111
11111111111111111111111111111111 1111111111 1111) 1111 1111111111. -11111
111 Ι1111111111111111 11. 11111. 111 11111113111111111111111111111 aut
111111, qui vocem non recipit, ineh0o11t3 quod 11 exemplo pateat in
communione: Diffusa est gratia ......

³> Subductio 111 111 1111111111111111111 1111 111 1111111111 &isoio
(diesis). 11111 1111111 111111 11111111 111 11111111111111111111111 abb.
Admone: De 11111111111111 (GerbertSoript. Peg. 312¹, 111 1111111 1111,
1111 111 (1111111111 1111 1111111 11111111111111111111111 11111 11111111 1111111
11111, 1111111 1111 1111111 1111111111. 1111· 11111111 1111111111 1111Ξ
11111111111111, 1 1. 111 ,11111 111 111111· 11111111111111111
perdivisa> 1111111111 1111111 111 11111111 1111111111111 (semi-
tonium majus); 111 11111111 11111 11111 1111111 11111111, 1. 1. ,111
111111111151111111 (subductio, 111 subducere, 1111111111, 11ε
111111, 11 1111111111 1111111) 1111111 111 11111 111 1111111 11111111

‘ 1111111111111111111.. 11111111161111 111111 propter hoo dividitur in

 

