..m -·

22222112, 12 222 1112111 2222 212 1122122221 222 212122 22211211.
222112121122121122 222 3211 9 2211221221, 11211122112122 Ε
2121211112 222112111121112, 2212122 12 222 1121122111 212

62222122122221212. i. 2122 222 212 11211121221121122212261122),
12 2221112111 2222 212 1122122221 222 (1122112222 2212111221
22122. 2221122122 1111 11211 222 11212212 2222112122 Ε, mie
222 11212 D 12 2222112122 A 12 222 ’11211112112 22121122 12
221 2121122111 212 6222222212 (3 : 41 (ἐπίτριτος) 12 222
1112121 2221· 212 212 2221212221 222 112211 2212121221 22122. DA

21212122 112111 222 11212 2 gu 2212112122 D 212 222 11212 Ε 12
2212112122 Α 12 222 2221111212, 12212122 12 222 1121112221
6222212112221223) (ἐπιδειῖτὲρος), 12 222 1112111 222122221
22222121112111.-22Α = 12 222 D = 9 222211 3 1112112
2221111)1 12 2211111 Α 12 12 2122221221 222 D 12 922212
2221 222121. 1122222 22 A = 12 222 Ε = 8³) 222211 41112112
222 111, 12 22111111 A 22212221 2122 Ε 2222 12221221 niet, 222
2212121 1121 212 212121. 112121 21222222 A .-. 12 222 222
222222 a = 6, 12 111 122112 212 211112 222 1222111212 222 112112
22222212211112 (2212122211 222 222222 A 22222222 12122.
(12 22111211 2112 212 212122. 112 222111 2112 A⁴) 121211 mit D
212 112221, mit E 212 21212222 2222 22222222222 212 Demo.
- D 2211121112 E 212 (11221122, 12 222 221222 Aa 212 Duart
(DA) 222 222121 (Da). 112211 2221211211 2222212112 21222
(11221122, mit 222 221222 1221221121211112) 222 212221
(Ε2); 222 112112 a 2222 22111221 1222 A 212 22122, 121) 212
212121, 1211 212 212221. 1212122 111122 2122 222211222122122
1122121122 12 222 2222 222211121223211122 112222. 22222 222
2211222121 22211 11221122, 2222222112122 212122 112211, 212 2122
122112, Ι2222222222 222 1212211 22222211222221211222222212122
112211 2211 222 21221111211122 222 3211122 2221121212122.
11221221 11111 222 2222 22222222 32112222221111211122

11221 (11222221 2222221112 einer 112122 lege: et Ε 122221 vlll, 222 2211
222 222 32122222212222 222 21211221112111122111.
⁶) (121. 9921 112111 Cum igitur A.

 

