..57-

3111111111, 11111111, 1111( 111 33333331) 33333333 111 111111
111 1111111111 1111111111 11111, 11111 (111111 1111111111,
3333 111111 1111111111111111111111111 3333 33333333 3333333333333333 3333
1111111 3333333. 3333333333 3333 3333 333333 1111111111 111
333333 333333 11111( 33333 1111111 (1111111111, 1111111111,

ξ 11111111111111 11 111 3333333333333333 1111111 1111111111111111,

3333 11112111 33333 333333'33333333333333 33333333, 3333 3'3333 3333
3333 33333 33333'333 1111 111 3333 1111 111 33333 3333333, 11 11111
61111, 111 11111111111111111111 111111, ³) 111111111111111

511111111, ,11111 1111111114 ,11111111111111111111111111,” 11111 Π11111111
3333 1111111111,ΙΙ 11111111 3333 333333333 1111111 1111111 ,11 11111 61111, 111
111 «1111111111 3333333333 111111,“ 11111111 11111111, 3333 1111111111 se·
mitonium minus (243 : 2533 11111111 1111111111 1111111111111111111
3333 33 3333 333333133333'3 111224 · 243 (333333 333333). 3333 313333333 3333 111111
11111 33 111 1111111111 3333333333 333 3333333 3333 3333 1111 1111111111 333333333
1111111111 11111111 3333333333 1111111 111 333333333331333 111 3333333333333333
' 33133333 Η C 111 Ε 1111111 11111111 1111121111 33333333 111 1111111111
111111111111011111111111111111111111111111111· 11111111
1111111111 333 33 33 3333333333 11111 1111 ᾖ11111111111·1111111111’1111111111

3333333333. 11111111 333333 3333333, 1111111111, 111 11111 3333 33 1111 111·
1111111111,111611111111111111111111111111Εῆῆ Ἢ 1111 33?
11111 „333331333333333333 3333: 1111111111111 3333 3333 33333 111 3333
3333 3333333333 (11111, (3333 3. ⁵3. 333 3333 333 11111 11111111 1111111111 111

’ 11111111 1111111111 1111111111111111 11111111 Ξ111110 111111) 3333 1111111

11111111111111111101111(1111111),111111111111111111111
3333 333333 333 33333333333 33333333 11 111 111111 11111 111 111111 111 11111Ξ
1111 333333 3333: 33 333333 3'3333 333333 11111111 33333 3333333 33333 111111 3333333332
31131333 1111111111111111111111111 33333333333 1111111111 333 3333 11111111
1111111111 111111111111 ῧ1111’ 11 3333 33 33333333333333311 3333 333333333. 333
33 1111 11 1111111 1111111111 111 1111111111111111111111111, 11 1111111111 33
1111 33 3333333333 3333333 1111 111111 1111111 11111111 3333333333 3333 33 332
11111111111111111111 :323 ι 2111111111ῐὶ1 3333333, 3333 111111 11111 33333333 Ι
111, 111111111111111111111, 3333333 1111111111111111, 11111111 03) 111·
1111111111 0333331333 333 6111111111ηέ 11111 1111 333333 111111 11111111 111
¹ 1111111111τί1 1111111111111 1111111 11111 3133 3333333333333333, 111111 33 3313
3333333333 333 {3333333 3333 3333. — 1111111111 333 33 111 1111111111
111111 333 1111 „Notandumfl 1111111 ..1 quibusdam‘· 11 61111 333 &3333332
11111111 3333333333 333333333333 3333. 1111111111111111111111111 3333 3333
3333 33333333333 3333333333. 33333333 1111111111 111111111111111111

 

